506
319
263
231
223
209
191
173
166
167
175
161
171
151
148
143
151
147
138
159
150
136
144
145
140
133
143
133
130
136
127
136
123
131
130
120
129
126
131
127
126
124
123
127
118
129
123
125
124
123
118
128
130
116
118
118
117
115
131
138
119
119
121
125
125
123
114
111
119
119
114
114
119
109
127
131
114
111
123
114
134
117
116
116
118
115
127
126
127
112
125
111
116
116
116
122
129
127
122
115
123
109
118
123
121
115
110
120
117
110
110
122
111
118
120
122
117
126
118
113
112
106
115
113
111
115
110
109
119
115
109
115
117
127
119
114
119
112
112
122
117
108
108
116
116
117
107
100
113
104
116
113
115
114
110
113
114
114
117
102
115
107
109
113
109
119
115
117
116
112
117
118
116
118
114
114
109
111
116
114
112
114
122
115
112
113
119
111
115
112
106
105
111
113
119
110
106
109
101
108
108
116
110
101
109
114
111
107
114
107
